+972599204590
+972599030084
+972599353535
+972599465464
+972598950422
+972599201535
+972599774403
+972599209850
+972593760002
+972599300084
+972599719656
+972599292466
+972599299000
+972599258204
+972598922018
+972599203083
+972599335277
+972598251183
+972599381665
+972599672441
+972598902887
+972598214713
+972598478142
+972598478141
+972599399759
+972599672441
+972599381684
+972599222010
+972599227491
+972599877866
+972599888713
+972599360307
+972599182796
+972599694440
+972599121318
+972599741877
+972599200268
+972598366766
+972599934359
+972597629400
+972599552241
+972599394324
+972599292598
+972599991112
+972599977729
+972597055446
+972592703030
+972599222100
+972598341658
+972599380450
+972599069525
+972598814864
+972597948333
+972599991113
+972598417686
+972598437346
+972597094097
+972599643657
+972599212903
+972599070320
+972599366646
+972599242237
+972599232111
+972599816884
+972599674261
+972598122263
+972599298516
+972599863978
+972599782352
+972599377162
+972599230300
+972592263111
+972599487465
+972599044555
+972598042016
+972599756433
+972598104050
+972599386000
+972599272054
+972599758687
+972599228105
+972598551614
+972599990091
+972599372438
+972592929115
+972599758286
+972599237473
+972598369999
+972597276252
+972598798976
+972598947667
+972599721781
+972592211330
+972599345837
+972599261629
+972599597849
+972599150645
+972598582889
+972599641035
+972599767599
+972598503620
+972598868810
+972599815086
+9725973+9725620
+972599849617
+972598753563
+972599366627
+972598925664
+972598634364
+972599653145
+972599094645
+972599998356
+972597513997
+972597079791
+972598785878
+972597316240
+972598592670
+972592791922
+972597519483
+972599039790
+972598127816
+972599373707
+972599110231
+972596845745
+972599644166
+972599753343
+972599389847
+972599777767
+972599301472
+972599719102
+972599820703
+972598151948
+972599524417
+972599279333
+972598253077
+972599306155
+972599206127
+972599261900
+972599233666
+972599381690
+972599436488
+972599263002
+972599340666
+972598105111
+972599380159
+972599769891
+972599291835
+972598240793
+972599200365
+972599288664
+972599877790
+972599311444
+972599212124
+972599351396
+972599360394
+972599745747
+972599654079
+972598995745
+972595302384
+972599151558
+972597896129
+972598252003
+972599103772
+972599545630
+972599935170
+972599121625
+972597615433
+972599671602
+972599256586
+972598932022
+972599274287
+972599228008
+972599914448
+972599256511
+972599357358
+972599801209
+972599224060
+972599206484
+972599040001
+972599444789
+972599674682
+972599226139
+97259872462
+972599989526
+972599444201
+972599977742
+972599795425
+972599676066
+972599261661
+972599252510
+972599557735
+972599314692
+972599365062
+972599438356
+972599264870
+972599153403
+972599423884
+972599307823
+972599297310
+972599232233
+972599585000
+972599588829
+972599502558
+972599297973
+972599040470
+972599365331
+972599891113
+972598047064
+972597958514
+972598990533
+972599125453
+972599170893
+972599210578
+972599273515
+972599262301
+972599210552
+972599840000
+972599432193
+972598939320
+972598815554
+972599311170
+972598950208
+972599111371
+972599210551
+972599657535
+972599546825
+972599555050
+972599303060
+972598900221
+972599909944
+972595204334
+972599251000
+972599378737
+972599111190
+972592720010
+972599393477
+972599931273
+972599251251
+972598597525
+972598123926
+972599381318
+972599332911
+9725997780777
+972599476847
+972599704513
+972599210933
+972597666543
+972599773237
+972599579740
+972598381999
+972599383812
+972599204389
+972598955084
+972599679333
+972599750006
+972597498543
+972599830858
+972599888840
+972598956544
+972598584744
+972599657038
+972598940300
+972599202436
+972599590112
+972599700224
+972597447777
+972599249+97256
+972597884070
+972599296404
+972599989510
+972599299324
+972599250498
+972599676708
+972599203250
+972599208373
+972599731624
+972599256278
+972599219680
+972599187592
+972599315593
+972599296404
+972599211442
+972598318088
+972599374733
+972599937010
+972599200060
+972599127250
+972599414170
+972599520950
+972599355256
+972599211098
+972599676909
+972599257631
+972599670617
+972599203248
+972599222700
+972599676705
+972599259954
+972599235222
+972592261066
+972599203068
+972599374733
+972599670607
+972599384089
+972599676350
+972599704919
+972599113667
+972599071728
+972599720739
+972598804828
+972597440788
+972599250636
+972599274050
+972599291575
+97259205325
+972599427335
+972599222833
+972598502787
+972599202231
+972599227986
+972599203020
+972599800111
+972599708352
+972599750775
+972599555820
+972599509876
+972599392688
+972599762987
+972598877312
+972597656767
+972599289406
+972599599567
+972599820000
+972597889695
+972599205296
+972599649241
+972599278305
+972599320356
+972599672669
+972595836464
+972598750425
+972599969225
+972597377631
+97259222252
+972598166248
+972599737148
+972599892107
+972599897356
+972599250029
+972599203432
+972598150397
+972597094343
+972599234386
+972599211484
+972598514616
+972597173428
+972599840684
+972599998535
+972598656749
+972599591133
+972599233546
+972599308883
+972595796724
+972598014091
+972599926220
+972599544822
+972599212902
+972598160800
+972598901140
+972599877354
+972595484948
+972597660604
+972599477595
+972599333624
+972598799183
+972595920403
+972599877571
+972599241124
+972599393433
+972599210371
+972597646443
+972599988725
+972599724576
+972599205181
+972598046159
+972597250010
+972599726760
+972599212136
+972599587310
+972599386021
+972599383756
+972599400426
+972599212737
+972599205112
+972599606387
+972599233890
+972599222126
+972599941273
+972598907569
+972599115505
+972599814207
+972597293258
+972598025575
+972598545854
+972599213332
+972597130+97259
+972599800881
+972599258737
+972599183995
+972599398901
+972599205061
+972599281021
+972599263850
+972597901789
+972599250636
+972599595059
+972599380111
+972599568846
+972598652975
+972599477671
+972599821114
+972599292321
+972598990399
+972599671622
+972598777666
+972599253485
+972599349218
+972599663020
+972599739456
+972599292950
+972599296512
+972599238267
+972599254222
+972599355531
+972599383119
+972599383837
+972595276327
+972599264624
+972599200254
+972599364120
+972599254177
+972599613336
+972599991875
+97259844031
+972599306136
+972599385944
+972599240201
+972599254210
+972599292314
+972599388883
+972599290375
+972597101102
+972599766379
+972599800956
+972599469098
+972599240157
+972599334288
+972599264252
+972599383028
+972599914067
+972599662356
+972599525082
+972599380796
+972599220820
+972598930676
+972599666367
+972599460005
+972599377718
+972599250690
+972597324991
+972599399813
+972599240425
+972599227595
+972599731117
+972599294801
+972599068263
+972598233171
+972599641668
+972597466668
+972599671162
+972599883377
+972599426199
+972599296831
+972598585555
+972597089656
+972599261870
+972599355494
+972599226618
+972599359292
+972599705263
+972598094819
+972599678329
+972599221820
+972598912349
+972597539736
+972599258602
+972599276657
+972595500697
+972599439730
+972599214840
+972599494919
+972598029755
+972599707625
+972598173467
+972599360001
+972599399422
+972599277507
+972598221766
+972599974654
+972599218118
+972599124109
+972599650422
+972599211708
+972599555842
+972599474180
+972599120636
+972599250202
+972597272000
+972597570226
+972599350041
+972597929974
+972599220888
+972599205480
+972595332211
+972599246087
+972599817784
+972599200954
+972599252224
+972599681543
+972595708222
+972599422023
+972599240641
+972599822005
+972599260777
+972599214842
+972599987782
+972598504044
+972599374780
+972599870143
+972599535121
+972599394946
+972599233329
+972597666644
+972599592034
+972597887735
+972599087556
+972598575036
+972599959952
+972599125079
+972599381571
+972599559314
+972598202613
+972599269199
+972599386263
+972599255141
+972599292516
+972599273378
+972597377754
+972595308715
+972599679051
+972599546939
+972599252559
+972599274186
+972599870438
+972599769614
+972599361486
+972599319548
+972599788862
+972599355531
+972597039996
+972599378326
+972598103038
+972599364614
+972592747666
+972599888256
+972599931564
+972599120156
+972598886245
+972599298337
+972598309416
+972599235724
+972598593994
+972599209107
+972598219272
+972599554768
+972599280730
+972599205490
+972598907630
+972599732951
+972599999646
+972599278916
+972599787095
+972599678808
+972599380243
+972597887901
+972599311400
+972599294555
+972599231608
+972598000045
+972599257347
+972598630007
+972599387205
+972599255567
+972598178178
+972598548566
+972599438108
+972599260260
+972599352873
+972599283148
+972599266402
+972597929630
+972599678119
+972598034322
+972599205795
+972599785509
+972599869331
+972597270000
+972598999009
+972599756960
+972599828504
+972599388682
+972598305517
+972598432274
+972597611256
+972599362981
+972599989765
+972599100508
+972597595610
+972598772481
+972599888311
+972599198651
+972599201066
+972599355545
+972597868010
+972599591344
+972599358873
+972599769868
+972598064046
+972599893500
+972599522854
+972597423080
+972597607817
+972598165634
+972599674096
+972595808786
+972598674822
+972599706696
+972599251555
+972599760927
+972599217881
+972598016181
+972599939404
+972595537310
+972599369933
+972599340467
+972599241575
+972599264320
+972599206001
+972599280740
+972595894087
+972599235119
+972597070270
+972598060484
+972599642402
+972595673673
+972597639960
+972595115233
+972598359953
+972599273757
+972599371349
+972599090203
+972599370180
+972598922390
+972599202597
+972599546304
+972599585685
+972599723444
+972599230184
+972599359830
+972599261151
+972599820036
+972599375772
+972599788395
+972599131387
+972598104700
+972599044407
+972595822266
+972598608668
+972598551022
+972599312164
+972598939987
+972598407240
+972599643870
+972598547300
+972599949181
+972598964322
+972598073783
+972597360339
+972599555050
+972599306885
+972598579479
+972599672961
+972598902050
+972599420464
+972599030315
+972599599945
+972599933706
+972599292702
+972599372392
+972599350115
+972599208145
+972595687738
+972599898676
+972599678009
+972599286666
+972599504505
+972599796450
+97259868747
+972599832129
+972599765574
+972599233560
+972597151282
+97259971931
+972598018326
+972599385020
+972599671678
+972599230931
+972595218157
+972599671845
+972598663364
+972599889832
+972599438028
+972599226580
+97259430446
+972597138489
+972599135884
+972598122700
+972597601850
+9725993+9725684
+972599858122
+9725992+9725681
+972598494084
+972598919112
+972598116335
+972599654282
+972597151103
+972599734374
+972599663356
+972598151716
+972599456544
+972599446135
+972598909129
+972597124158
+972599323888
+972599336000
+972599297489
+972599337926
+972599335784
+972592363647
+972599184181
+972595744407
+972599207770
+972598072426
+972599029472
+972599207770
+972599479866
+972599388861
+972599080090
+972599380541
+972599427236
+972598595985
+972599553649
+972597264699
+972599152904
+972598021775
+972599524082
+972598666662
+972597493924
+972599228531
+972599389338
+972599318558
+972598597330
+972599250977
+972599826902
+972599996452
+972598901850
+972598200500
+972599276326
+972599218411
+972599730729
+972599779990
+972599672010
+972599977739
+972599340110
+972598444508
+972592260312
+972598368883
+972599797972
+972599202436
+972599382187
+972599386724
+972599711995
+972598181046
+972599328965
+972599669988
+972599941279
+972599261530
+972599261510
+972599250513
+972599250751
+972599275000
+972599314386
+972599261075
+972599320888
+972598207575
+972599114444
+972599247281
+972599705091
+972599292102
+972599672546
+972599550044
+972599413417
+972599803121
+972599802222
+972599200714
+972599265599
+972599210197
+972599707665
+972597435000
+972599607972
+972599671812
+972599233690
+972597212166
+972599583337
+972599345059
+972598312547
+972599949993
+972599279333
+972597279987
+972597897560
+972599798690
+972599597982
+972597981865
+972599642335
+972598575999
+972599241558
+972597156852
+972597350350
+972599079469
+972598422453
+972599372125
+972599820435
+972599678651
+972599320070
+972599229794
+972599263998
+972599200264
+972599283000
+972599227011
+972599303004
+972597616188
+972598254721
+972592246991
+972598269113
+972598547318
+972598042601
+972599794300
+972598200210
+972598033538
+972599202502
+972599261713
+972599755692
+972599872827
+972599279097
+972599240037
+972599389577
+972598748790
+972599357349
+972599202888
+972599646636
+972598902062
+972599254204
+972599506796
+972599387813
+972599035868
+972599414665
+972599120840
+972599205464
+972599550055
+972599379511
+972599333400
+972599206113
+972599470030
+972569939747
+972568284418
+972567777888
+972568556666
+972569999971
+972569121277
+972569104774
+972569500965
+972569400500
+972569204334
+972569911902
+972569201715
+972569330330
+972569375666
+972568335014
+972569919130
+972568551410
+972569200967
+972569444452
+972568711965
+972569697069
+972569205153
+972568811175
+972569820000
+972568111868
+972569830533
+972568163783
+972569609866
+972568077422
+972568822268
+972568050554
+972569519978
+972569587972
+972569144779
+972569999677
+972569250002
+972569346991
+972569966619
+972569830858
+972569202354
+972505440490
+972502263766
+972505241559
+972505377304
+972505210422
+972505450699
+972502238467
+972505631077
+972505254580
+972505487288
+972508582424
+972508227737
+972508227737
+972505555521
+972505242264
+972505348847
+97250227501
+972505388457
+97250516764
+972508855907
+972507140950
+972504040431
+972505579733
+972505329204
+972504361175
+97250405719
+97250416133
+972505527754
+972505229207
+972505800150
+972505417941
+972505535003
+972505248729
+972502340816
+972505642008
+972502819631
+972506515916
+972502834827
+972503267734
+972505430412
+972504306666
+972505311108
+972505564260
+972505279837
+972507387690
+97250521719
+972545546764
+972545852507
+972543008370
+972545975874
+972544607900
+972545474055
+972544200952
+972545633516
+972546600910
+972547378523
+972543980052
+972546579613
+972545246360
+972546471307
+972543164401
+972542406675
+972545569643
+972544826914
+972545925384
+972545836426
+972542123147
+972546830258
+972544477339
+972575478252
+972572221640
+972575501485
+972577709074
+972575478252
+972572221640
+972575501485
+972577709074
+972575478252
+972572221640
+972575501485
+972577709074
+972575478252
+972572221640
+972575501485
+972577709074
+972575478252
+972572221640
+972575501485
+972577709074
