0599204590
0599030084
0599353535
0599465464
0598950422
0599201535
0599774403
0599209850
0593760002
0599300084
0599719656
0599292466
0599299000
0599258204
0598922018
0599203083
0599335277
0598251183
0599381665
0599672441
0598902887
0598214713
0598478142
0598478141
0599399759
0599672441
0599381684
0599222010
0599227491
0599877866
0599888713
0599360307
0599182796
0599694440
0599121318
0599741877
0599200268
0598366766
0599934359
0597629400
0599552241
0599394324
0599292598
0599991112
0599977729
0597055446
0592703030
0599222100
0598341658
0599380450
0599069525
0598814864
0597948333
0599991113
0598417686
0598437346
0597094097
0599643657
0599212903
0599070320
0599366646
0599242237
0599232111
0599816884
0599674261
0598122263
0599298516
0599863978
0599782352
0599377162
0599230300
0592263111
0599487465
0599044555
0598042016
0599756433
0598104050
0599386000
0599272054
0599758687
0599228105
0598551614
0599990091
0599372438
0592929115
0599758286
0599237473
0598369999
0597276252
0598798976
0598947667
0599721781
0592211330
0599345837
0599261629
0599597849
0599150645
0598582889
0599641035
0599767599
0598503620
0598868810
0599815086
0597305620
0599849617
0598753563
0599366627
0598925664
0598634364
0599653145
0599094645
0599998356
0597513997
0597079791
0598785878
0597316240
0598592670
0592791922
0597519483
0599039790
0598127816
0599373707
0599110231
0596845745
0599644166
0599753343
0599389847
0599777767
0599301472
0599719102
0599820703
0598151948
0599524417
0599279333
0598253077
0599306155
0599206127
0599261900
0599233666
0599381690
0599436488
0599263002
0599340666
0598105111
0599380159
0599769891
0599291835
0598240793
0599200365
0599288664
0599877790
0599311444
0599212124
0599351396
0599360394
0599745747
0599654079
0598995745
0595302384
0599151558
0597896129
0598252003
0599103772
0599545630
0599935170
0599121625
0597615433
0599671602
0599256586
0598932022
0599274287
0599228008
0599914448
0599256511
0599357358
0599801209
0599224060
0599206484
0599040001
0599444789
0599674682
0599226139
059872462
0599989526
0599444201
0599977742
0599795425
0599676066
0599261661
0599252510
0599557735
0599314692
0599365062
0599438356
0599264870
0599153403
0599423884
0599307823
0599297310
0599232233
0599585000
0599588829
0599502558
0599297973
0599040470
0599365331
0599891113
0598047064
0597958514
0598990533
0599125453
0599170893
0599210578
0599273515
0599262301
0599210552
0599840000
0599432193
0598939320
0598815554
0599311170
0598950208
0599111371
0599210551
0599657535
0599546825
0599555050
0599303060
0598900221
0599909944
0595204334
0599251000
0599378737
0599111190
0592720010
0599393477
0599931273
0599251251
0598597525
0598123926
0599381318
0599332911
05997780777
0599476847
0599704513
0599210933
0597666543
0599773237
0599579740
0598381999
0599383812
0599204389
0598955084
0599679333
0599750006
0597498543
0599830858
0599888840
0598956544
0598584744
0599657038
0598940300
0599202436
0599590112
0599700224
0597447777
0599249056
0597884070
0599296404
0599989510
0599299324
0599250498
0599676708
0599203250
0599208373
0599731624
0599256278
0599219680
0599187592
0599315593
0599296404
0599211442
0598318088
0599374733
0599937010
0599200060
0599127250
0599414170
0599520950
0599355256
0599211098
0599676909
0599257631
0599670617
0599203248
0599222700
0599676705
0599259954
0599235222
0592261066
0599203068
0599374733
0599670607
0599384089
0599676350
0599704919
0599113667
0599071728
0599720739
0598804828
0597440788
0599250636
0599274050
0599291575
059205325
0599427335
0599222833
0598502787
0599202231
0599227986
0599203020
0599800111
0599708352
0599750775
0599555820
0599509876
0599392688
0599762987
0598877312
0597656767
0599289406
0599599567
0599820000
0597889695
0599205296
0599649241
0599278305
0599320356
0599672669
0595836464
0598750425
0599969225
0597377631
059222252
0598166248
0599737148
0599892107
0599897356
0599250029
0599203432
0598150397
0597094343
0599234386
0599211484
0598514616
0597173428
0599840684
0599998535
0598656749
0599591133
0599233546
0599308883
0595796724
0598014091
0599926220
0599544822
0599212902
0598160800
0598901140
0599877354
0595484948
0597660604
0599477595
0599333624
0598799183
0595920403
0599877571
0599241124
0599393433
0599210371
0597646443
0599988725
0599724576
0599205181
0598046159
0597250010
0599726760
0599212136
0599587310
0599386021
0599383756
0599400426
0599212737
0599205112
0599606387
0599233890
0599222126
0599941273
0598907569
0599115505
0599814207
0597293258
0598025575
0598545854
0599213332
0597130059
0599800881
0599258737
0599183995
0599398901
0599205061
0599281021
0599263850
0597901789
0599250636
0599595059
0599380111
0599568846
0598652975
0599477671
0599821114
0599292321
0598990399
0599671622
0598777666
0599253485
0599349218
0599663020
0599739456
0599292950
0599296512
0599238267
0599254222
0599355531
0599383119
0599383837
0595276327
0599264624
0599200254
0599364120
0599254177
0599613336
0599991875
059844031
0599306136
0599385944
0599240201
0599254210
0599292314
0599388883
0599290375
0597101102
0599766379
0599800956
0599469098
0599240157
0599334288
0599264252
0599383028
0599914067
0599662356
0599525082
0599380796
0599220820
0598930676
0599666367
0599460005
0599377718
0599250690
0597324991
0599399813
0599240425
0599227595
0599731117
0599294801
0599068263
0598233171
0599641668
0597466668
0599671162
0599883377
0599426199
0599296831
0598585555
0597089656
0599261870
0599355494
0599226618
0599359292
0599705263
0598094819
0599678329
0599221820
0598912349
0597539736
0599258602
0599276657
0595500697
0599439730
0599214840
0599494919
0598029755
0599707625
0598173467
0599360001
0599399422
0599277507
0598221766
0599974654
0599218118
0599124109
0599650422
0599211708
0599555842
0599474180
0599120636
0599250202
0597272000
0597570226
0599350041
0597929974
0599220888
0599205480
0595332211
0599246087
0599817784
0599200954
0599252224
0599681543
0595708222
0599422023
0599240641
0599822005
0599260777
0599214842
0599987782
0598504044
0599374780
0599870143
0599535121
0599394946
0599233329
0597666644
0599592034
0597887735
0599087556
0598575036
0599959952
0599125079
0599381571
0599559314
0598202613
0599269199
0599386263
0599255141
0599292516
0599273378
0597377754
0595308715
0599679051
0599546939
0599252559
0599274186
0599870438
0599769614
0599361486
0599319548
0599788862
0599355531
0597039996
0599378326
0598103038
0599364614
0592747666
0599888256
0599931564
0599120156
0598886245
0599298337
0598309416
0599235724
0598593994
0599209107
0598219272
0599554768
0599280730
0599205490
0598907630
0599732951
0599999646
0599278916
0599787095
0599678808
0599380243
0597887901
0599311400
0599294555
0599231608
0598000045
0599257347
0598630007
0599387205
0599255567
0598178178
0598548566
0599438108
0599260260
0599352873
0599283148
0599266402
0597929630
0599678119
0598034322
0599205795
0599785509
0599869331
0597270000
0598999009
0599756960
0599828504
0599388682
0598305517
0598432274
0597611256
0599362981
0599989765
0599100508
0597595610
0598772481
0599888311
0599198651
0599201066
0599355545
0597868010
0599591344
0599358873
0599769868
0598064046
0599893500
0599522854
0597423080
0597607817
0598165634
0599674096
0595808786
0598674822
0599706696
0599251555
0599760927
0599217881
0598016181
0599939404
0595537310
0599369933
0599340467
0599241575
0599264320
0599206001
0599280740
0595894087
0599235119
0597070270
0598060484
0599642402
0595673673
0597639960
0595115233
0598359953
0599273757
0599371349
0599090203
0599370180
0598922390
0599202597
0599546304
0599585685
0599723444
0599230184
0599359830
0599261151
0599820036
0599375772
0599788395
0599131387
0598104700
0599044407
0595822266
0598608668
0598551022
0599312164
0598939987
0598407240
0599643870
0598547300
0599949181
0598964322
0598073783
0597360339
0599555050
0599306885
0598579479
0599672961
0598902050
0599420464
0599030315
0599599945
0599933706
0599292702
0599372392
0599350115
0599208145
0595687738
0599898676
0599678009
0599286666
0599504505
0599796450
059868747
0599832129
0599765574
0599233560
0597151282
059971931
0598018326
0599385020
0599671678
0599230931
0595218157
0599671845
0598663364
0599889832
0599438028
0599226580
059430446
0597138489
0599135884
0598122700
0597601850
0599305684
0599858122
0599205681
0598494084
0598919112
0598116335
0599654282
0597151103
0599734374
0599663356
0598151716
0599456544
0599446135
0598909129
0597124158
0599323888
0599336000
0599297489
0599337926
0599335784
0592363647
0599184181
0595744407
0599207770
0598072426
0599029472
0599207770
0599479866
0599388861
0599080090
0599380541
0599427236
0598595985
0599553649
0597264699
0599152904
0598021775
0599524082
0598666662
0597493924
0599228531
0599389338
0599318558
0598597330
0599250977
0599826902
0599996452
0598901850
0598200500
0599276326
0599218411
0599730729
0599779990
0599672010
0599977739
0599340110
0598444508
0592260312
0598368883
0599797972
0599202436
0599382187
0599386724
0599711995
0598181046
0599328965
0599669988
0599941279
0599261530
0599261510
0599250513
0599250751
0599275000
0599314386
0599261075
0599320888
0598207575
0599114444
0599247281
0599705091
0599292102
0599672546
0599550044
0599413417
0599803121
0599802222
0599200714
0599265599
0599210197
0599707665
0597435000
0599607972
0599671812
0599233690
0597212166
0599583337
0599345059
0598312547
0599949993
0599279333
0597279987
0597897560
0599798690
0599597982
0597981865
0599642335
0598575999
0599241558
0597156852
0597350350
0599079469
0598422453
0599372125
0599820435
0599678651
0599320070
0599229794
0599263998
0599200264
0599283000
0599227011
0599303004
0597616188
0598254721
0592246991
0598269113
0598547318
0598042601
0599794300
0598200210
0598033538
0599202502
0599261713
0599755692
0599872827
0599279097
0599240037
0599389577
0598748790
0599357349
0599202888
0599646636
0598902062
0599254204
0599506796
0599387813
0599035868
0599414665
0599120840
0599205464
0599550055
0599379511
0599333400
0599206113
0599470030
0569939747
0568284418
0567777888
0568556666
0569999971
0569121277
0569104774
0569500965
0569400500
0569204334
0569911902
0569201715
0569330330
0569375666
0568335014
0569919130
0568551410
0569200967
0569444452
0568711965
0569697069
0569205153
0568811175
0569820000
0568111868
0569830533
0568163783
0569609866
0568077422
0568822268
0568050554
0569519978
0569587972
0569144779
0569999677
0569250002
0569346991
0569966619
0569830858
0569202354
0505440490
0502263766
0505241559
0505377304
0505210422
0505450699
0502238467
0505631077
0505254580
0505487288
0508582424
0508227737
0508227737
0505555521
0505242264
0505348847
050227501
0505388457
050516764
0508855907
0507140950
0504040431
0505579733
0505329204
0504361175
050405719
050416133
0505527754
0505229207
0505800150
0505417941
0505535003
0505248729
0502340816
0505642008
0502819631
0506515916
0502834827
0503267734
0505430412
0504306666
0505311108
0505564260
0505279837
0507387690
050521719
0545546764
0545852507
0543008370
0545975874
0544607900
0545474055
0544200952
0545633516
0546600910
0547378523
0543980052
0546579613
0545246360
0546471307
0543164401
0542406675
0545569643
0544826914
0545925384
0545836426
0542123147
0546830258
0544477339
0575478252
0572221640
0575501485
0577709074
0575478252
0572221640
0575501485
0577709074
0575478252
0572221640
0575501485
0577709074
0575478252
0572221640
0575501485
0577709074
0575478252
0572221640
0575501485
0577709074